100 100
0000000000010000100011000110000000110000001100100000000000001010000000000100000000101010010000001000
1110101000000000101000001000000000011110001111000010000001001000010010100000000001101001101100101001
1000111001010010001000000110000000010100001001001100100000000100100101110100000001000011110011101000
0100001001010000000000010101100000111010000100000100001000000000000100000101001011000011000011010000
0001000000001100100000000110000100000011000101100000010010011000110000001001000101000000001000000010
0000000000000000001000001000000000000000000000001100100010010011101011111000010010101001000010011010
0101010001000011000010010000100100001010011000101101000100001001000000001001001000100001000000001000
1001000000000001000001000010000000001010100010100000000010000010111000000001010000010010001000011000
1011000000111100010000010011000011000000000000000001001000010001100000111101011000000001001011010001
0000010110001001010000000010011000011001110001010010000000010000000000010001100100100010010000001000
0001010110000001000000000000000000001101101000001001101000101000010001101000000100000100000100000100
0000000011010010011010110000000000000101100001101000000000000010100100001001001110000010000010101010
0100001000001000010100110000000000011000001000111000000000011110000001101010010010000000101000001010
0001000000000000000000010000000001100100000110000000001000001000110001100000100110111010000100000000
1000100011000000100000000101100000000000000011000010000110000110100101000010010001001000000000001000
1000110000111010010000000110100000100001000010000010011000010001011111000011100001000000000011001000
0100010100000110001000010001000000000101000001100000000010000000000000010111010010000010000100000001
0001000100000100100000100000001000010100100000010011000011000001000010010000000100000010010110000110
0000100000010010000100010001000000110000001000000001100011110110010010000010101101000100000100000000
0101100100010110111000010110000000000001100100000010110101000000100100100000000000100100000101011000
1001000011000000100000000010001001100001000110000010000000010110000001000000010100000000000001011001
0000100010000100001001001000000000000010010010011001100000110000110110001100100010000110000000100000
0001000000001000111011001000010000110000010000100000101100100000100000001010000010011000010000100000
0000101010111000000001000100000011000010101011000001001010010010100001100000010110000010000100100100
1101001100001000100000000000000100101000100001100100000001000000101011010010000101100000000101000010
0000000100000010010000010010100000010100010100110100110101100100000000010011101110000111101101010101
0100010011010011000010000101110000011001010000000100010000001011000111000111000101110000010101010001
1000001100000110000000001011011000010100000000110001000000000010000000001000000010000010000001010100
1100010000000000000010001000000010010000111001000001100010000010011000110011000001000010111000100100
0001110000011001100000000011000100010000100000101000001101101000010101001000010100000000000010000000
0000000001000010000000001011010110111000100110110100000000100010100000000001101001000001010100010000
0000001100000100001001100000000110111000110111000000101000110101010100000000000000000110000000101010
0100100010000010100010100010011000111010010110011000010000001001000000110011000000000000110110001100
1001100010100000100101000001010010010011010000101000000000000100011100000000100011011000011010000110
1000100001001000011010000010010000001010000010100001000110010001000000100000111100000000001100000100
0000010000000001101000000000100001010001010000000000010010110010001000000000001110011001110000001010
0001000100000010010011000000000011100000000010000011010000100000000000001000100000000010001100000100
0010010010000010000010000001000001001000010000000000100001100001010111010000010000010100001101101000
0000010010010010100001001100000101010010010011000100000001000001000000000000000011000000101000000110
0000000010000101010001000000100010101100000100010100111010110100000100001100010000010000000001000000
0010000000000010001100000000001110000000010010010000100100011010000010001100110100100011100000100100
1001100010100000001010000000000001010110111100001000000001010010000000101000001010101100100001000110
1010111000010110000000001101000001111100000000000000000000010000000000101000000000000011000000000010
0000001000000011100100001000001000010010000110101010101010010010010101000001001001000100010000111100
0100000101001000000010000000000000100101100001111010000000001100001000000000101011000000100001001001
1101010000001010000100010101010010001001000100000001011000100000000000000000000001000000000000000000
0000000101000000010100000100001110100001000010111100000001011011000000001100100011000000001010000000
0000001001000001001000100000010101000100010011101000010100000010011000001010100000000000001010001110
1010000010000011000000001011001100000000100100001000010001011001000000000010000000000000000101000101
0010000000000110000001001000000000000110000000010000000001010100000100001011011001101010010000101001
1000010100000010100010010010100010000000001100000100000100011000001000101000000110000100010000101000
1101000110111000010000010001010000000000001000000001001110000010010000100100100000000100000000000010
0000001011001010000001000000010000001000001011001101011000001111100001110101000000100010000100100000
1001000010001100010000000010010001000001000110000001100101000000000010011011000000000000011000011000
1010000000000010100100011011110010001001000111100100000000000010000000000001010000000010000000100000
0010000011000101000000101000100000000000001100010000100010010000000000000000011000000000100010100010
0000000000001000010101000000010010000000001100010110001001010010011010001000100001010101000001100000
0011101000101000000111101001000000010000011011000000010101000010100000000100000000100000101000100000
1000110001000000101010001000011000000010000001000101100100101000010000000110000001001000000000000000
0010011001000000010001000000110001110010100010100000000010000010000001000001001001010100001000011000
0010000001000000001000000100010000000100000010000000100010000011001001000110001100000000010000110100
1000101100000100010011101010000010010101001000000001101000100110100000000000000000000000100000011000
1000000000100101000000000000000000000000110010001001000000010011010000010000100111010100010101001001
1111011000011000100000000100000000101101010111001000000001100000000011011100001100100001000000100000
0010100000010100011000100110001010000111000000010000100100000110100000000000010100001000000100110010
0101001000011000000011000010000011000001001110101010001101001001100100100000001011101011000000110110
0001001110010001000001100100000010001001110100011001000100001000000000010101100000000001000000001101
1010100000100000111000000000010000010000100001000101000000111010001000000000000001010100000000001001
0101011010000001110100101001000000001000000010010101000101000001001000001000101001000000010000000000
0000010000001100011001110110000001001001011100000001100010000010000100010100000010100000111100000101
0000000100100000000100110000000000100010110100000000001100001001011101010000001000010110010000001001
0010010000000000010000000000111100110110100001110010010000000000101001101010011100000001100110000000
1000011100010001000010000000000100000100011000100010100010010010000101100000000101000110000010001000
1000000010001000110011000000001000010000001000001011001000111010011101001001110100011010000000000000
1101000100000000010000100101010000011000000001010000000100010000110000000000001000100100100001100100
0011000001001011010001101010010000001000010100100000101000001000011000010010001000100010100000000011
0011100000010110110001110000000001000000000000100000100000000000001100100010101000010000000111001110
1011000000001010101000001011010111000000101110000000010001100000100010011001001000001001000000100001
0000000001100101000100000000110000000000100000001001110101100010100101000001010101000110010100000101
0010000000000010100000100101100100000010000101000100010000001001000000100100000100000011010100010000
0000001011000001000010100000000100101000001100010000100011010000000000000000000001000010000011001000
1000000010010011010000100000110000000001000000101100110000010101010000000100001000000010000101100000
0100000000000010100000000110000000000001000000010001010000000000100000001000000000000000001000000000
0100010110010010100111001101100001000000110110001010010100001110000001000100100000010100011000000010
1010000010001011100000010010100001100000100000000100000001000100010000101101100010010000001111001001
0110100101010000000000010101000000010000000100100000011011000010001001100011001000100011010001000000
0000001000000000000011110000000010111000000010000001001000000100000000011000001010010000001001000110
0110010101011000001000000000000101011000000000100110101000010010000000000000000000000101000000000000
1000100100000010000110010101010000000000100000000000000010000000100000000001010000110000000011010000
0000000000000001010000000001100001000010111000101010101100000001110100101000001010100000110010010000
1011000010000100000110010011000100000011111001010001111000100110100000100011000000000011001000100000
0110000100000000100000001110000000101000101000100000100010100000100000100000001001100010000010100000
0000001000111001110000010000100000000010100100000000010010010110001000000110000111000010011000100000
0100000000110000000100010001000001001000001101010000010000000000000001000000000000010000000111000010
0000001001100100100101100000110000000100001000000000100010000100001010000000001001001000010000000000
0001010100000000000001001010000000010000100000001011100001100010111010000010000000000000000111010000
1011010110100000001010001100001000000100101111000001000000000100100011110011100001001010110000111000
0001001000011001010000100000010011010001000000000000110000010000000010000000000000000100000011010000
0000100000000010000010000100100000000000000000100110000100100101000001011000000001000010000000010100
0101011100000000001000001010100100100101110000000010100100000000100100000000010011010101100100010001
